20586934
20586960
20587080
20587148
20587200
20587294
20587320
20587372
20587492
20587518
20587612
20587638
20587758
20587784
20587810
20587836
20587928
20588046
20588072
20588164
20588190
20588308
20588458
20588536
20588562
20588654
22427705
22427728
22427840
22427864
22579730
22579847
22579893
22579916
22580068
22580098
22580244
22580270
22580341
22580393
22580492
22580548
22580654
22580680
22580732
22613624
22613676
22613702
22613770
22613848
22613944
22613970
22614074
22614097
22614236
22614266
22614353
22614405
22614431
22614545
22614568
22670094
22670177
22670278
22670301
22670442
22670465
22670511
22670643
22670673
22670703
22670855
22670878
22671003
22678449
22678495
22678622
22678646
22678670
22678787
22678856
22678980
22679008
24054997
24055051
24055078
24055176
24055274
24055328
24055355
24055382
24055464
24055502
24055600
24055654
24055725
24055779
24055877
24055904
24055958
24058686
24058712
24065251
24065270
24065380
24065407
24065461
24065530
24065611
24065680
24065707
24065761
24065833
24065887
24065914
26933801
26933859
27829161
27829188
30011484
30011553
30011647
30011674
30011700
30011824
30318067
50993399
50993616
50993670
50993697
50993814
50993868
50993895
50993949
50994110
50994137
50994191
50994273
50994327
50994381
50994408
50994562
50994616
50994706
50994760
50994814
50994841
50994895
50995762
50995899
50995963
50996056
50996110
50996137
50996228
50996352
50996379
50996709
50996800
50996854
50996881
50996972
50997026
50997053
50997107
50997223
50997250
50997304
50997461
50997488
50997515
50997597
50997651
50997742
50997769
50997823
50998059
50998086
50998177
50998231
50998258
50998349
50998440
50998467
50998580
50998634
50998661
50999008
50999121
50999175
50999246
50999300
50999459
51048738
51048891
51048918
51048972
51049053
51049134
51049249
51049462
51049516
51049543
51049655
51070197
53580611
53580665
53580804
53580831
53580858
53580885
53581006
53581060
53581124
53581237
53581379
53581433
53581460
53581796
53581887
53581914
53582304
53582395
53582422
53582476
53582567
53582683
53582710
53582764
53582818
53586361
53586415
53586724
53586751
53586805
53586869
53586960
53587041
53587104
53587427
53587481
53587508
53587599
53587663
53587717
53587744
